127 =  0000 0000 0000 0000 0000 0000 0000 0000 0000 0000 0000 0000 0000 0000 0111 1111

-128 = 1111 1111 1111 1111 1111 1111 1111 1111 1111 1111 1111 1111 1111 1111 1000 0000

l'idea è:
0x00		valore 0	valore 1	valore 2	valore 3
0x04		valore 4	valore 5	valore 6	valore 7


0 = 0000 0000 0000 0000 0000
1 = 0000 0000 0000 0000 0001			-1 = 1111 1111 1111 1111 1111
2 = 0000 0000 0000 0000 0010			-2 = 1111 1111 1111 1111 1110
3 = 0000 0000 0000 0000 0011			-3 = 1111 1111 1111 1111 1101
4 = 0000 0000 0000 0000 0100			-4 = 1111 1111 1111 1111 1100
5 = 0000 0000 0000 0000 0101			-5 = 1111 1111 1111 1111 1011


Quello che conta per identificare il numero sono solo gli ultimi 8 bit (meno significativi)
avendo preso in considerazione solo valori tra -128 e 127, ma se vogliamo tenere conto anche del
segno possiamo prendere 9 bit in cui il nono bit è riservato solo ad esso, ma l'esercizio richiede
obbligatoriamente 8 bit.




22 colonne
11 righe
22 * 11 elementi = 242


−5,5,		−4,5,		-3,5,		−2,5,		−1,5,		0,5,		1,5,		2,5,		3,5,		4,5,		5,5
−5,4,		−4,4,		−3,4,		−2,4,		−1,4,		0,4,		1,4,		2,4,		3,4,		4,4,		5,4
−5,3,		−4,3,		−3,3,		−2,3,		−1,3,		0,3,		1,3,		2,3,		3,3,		4,3,		5,3
−5,2,		−4,2,		−3,2,		−2,2,		−1,2,		0,2,		1,2,		2,2,		3,2,		4,2,		5,2
−5,1,		−4,1,		−3,1,		−2,1,		−1,1,		0,1,		1,1,		2,1,		3,1,		4,1,		5,1
−5,0,		−4,0,		−3,0,		−2,0,		−1,0,		0,0,		1,0,		2,0,		3,0,		4,0,		5,0
−5,−1,	−4,−1,	−3,−1,	−2,−1,	 1,−1,	0,−1,		1,−1,		2,−1,		3,−1,		4,−1,		5,−1
−5,−2,	−4,−2,	−3,−2,	−2,−2,	−1,−2,	0,−2,		1,−2,		2,−2,		3,−2,		4,−2,		5,−2
−5,−3,	−4,−3,	−3,−3,	−2,−3,	−1,−3,	0,−3,		1,−3,		2,−3,		3,−3,		4,−3,		5,−3
−5,−4,	−4,−4,	−3,−4,	−2,−4,	−1,−4,	0,−4,		1,−4,		2,−4,		3,−4,		4,−4,		5,−4
−5,−5,	−4,−5,	−3,−5,	−2,−5,	−1,−5,	0,−5,		1,−5,		2,−5,		3,−5,		4,−5,		5,−5



risultato:

−5,5,−4,5,		-3,5,−2,5,		−1,5,0,5,		1,5,2,5,		3,5,4,5,		5,5−5,4,
−4,4,−3,4,		−2,4,−1,4,		0,4,1,4,		2,4,3,4,		4,4,5,4		−5,3,−4,3,
−3,3,−2,3,		−1,3,0,3,		1,3,2,3,		3,3,4,3,		5,3−5,2,		−4,2,−3,2,
−2,2,−1,2,		0,2,1,2,		2,2,3,2,		4,2,5,2		−5,1,−4,1,		−3,1,−2,1,
−1,1,0,1,		1,1,2,1,		3,1,4,1,		5,1−5,0,		−4,0,−3,0,		−2,0,−1,0,
0,0,1,0,		2,0,3,0,		4,0,5,0		−5,−1,−4,−1,	−3,−1,−2,−1,	 1,−1,0,−1,		
1,−1,2,−1,		3,−1,4,−1,		5,−1−5,−2,		−4,−2,−3,−2,	−2,−2,−1,−2,	0,−2,1,−2,
2,−2,3,−2,		4,−2,5,−2		−5,−3,−4,−3,	−3,−3,−2,−3,	−1,−3,0,−3,		1,−3,2,−3,		
3,−3,4,−3,		5,−3−5,−4,		−4,−4,−3,−4,	−2,−4,−1,−4,	0,−4,1,−4,		2,−4,3,−4,
4,−4,5,−4		−5,−5,−4,−5,	−3,−5,−2,−5,	−1,−5,0,−5,		1,−5,2,−5,		3,−5,4,−5,		
5,−5







10 righe
18 colonne
180 elementi

DCD -5,5,-4,5,-3,5,-2,5,-1,5,0,5,1,5,2,5,3,5,
DCD -5,4,-4,4,-3,4,-2,4,-1,4,0,4,1,4,2,4,3,4,
DCD -5,3,-4,3,-3,3,-2,3,-1,3,0,3,1,3,2,3,3,3,
DCD -5,2,-4,2,-3,2,-2,2,-1,2,0,2,1,2,2,2,3,2,
DCD -5,1,-4,1,-3,1,-2,1,-1,1,0,1,1,1,2,1,3,1,
DCD -5,0,-4,0,-3,0,-2,0,-1,0,0,0,1,0,2,0,3,0,
DCD -5,-1,-4,-1,-3,-1,-2,-1,1,-1,0,-1,1,-1,2,-1,3,-1,
DCD -5,-2,-4,-2,-3,-2,-2,-2,-1,-2,0,-2,1,-2,2,-2,3,-2,
DCD -5,-3,-4,-3,-3,-3,-2,-3,-1,-3,0,-3,1,-3,2,-3,3,-3,
DCD -5,-4,-4,-4,-3,-4,-2,-4,-1,-4,0,-4,1,-4,2,-4,3,-4,


risultato:

-5,5,-4,5,	-3,5,-2,5,		-1,5,0,5,		1,5,2,5,		3,5,-5,4,
-4,4,-3,4,	-2,4,-1,4,		0,4,1,4,		2,4,3,4,		-5,3,-4,3,
-3,3,-2,3,	-1,3,0,3,		1,3,2,3,		3,3,-5,2,		-4,2,-3,2,
-2,2,-1,2,	0,2,1,2,		2,2,3,2,		-5,1,-4,1,		-3,1,-2,1,
-1,1,0,1,	1,1,2,1,		3,1,-5,0,		-4,0,-3,0,		-2,0,-1,0,
0,0,1,0,	2,0,3,0,		-5,-1,-4,-1,	-3,-1,-2,-1,	 1,-1,0,-1,
1,-1,2,-1,	3,-1,-5,-2,		-4,-2,-3,-2,	-2,-2,-1,-2,	 0,-2,1,-2,
2,-2,3,-2,	-5,-3,-4,-3,	-3,-3,-2,-3,	-1,-3,0,-3,		1,-3,2,-3,
3,-3,-5,-4,	-4,-4,-3,-4,	-2,-4,-1,-4, 	0,-4,1,-4,		2,-4,3,-4,











